28
107 241 148
107 190 137
107 124 88
107 80 127
107 316 336
107 76 183
107 152 134
107 157 95
107 283 254
107 133 180
107 113 101
107 297 234
107 228 175
107 129 176
107 348 265
107 276 199
107 188 182
107 150 67
107 65 42
107 341 278
107 184 271
107 67 146
107 221 251
107 169 105
107 108 191
107 45 139
107 167 79
241 107 148
241 190 374
241 124 171
241 80 259
241 316 509
241 76 317
241 152 217
241 157 232
241 283 491
241 133 312
241 113 280
241 297 391
241 228 412
241 129 349
241 348 422
241 276 356
241 188 355
241 150 204
241 65 182
241 341 435
241 184 417
241 67 292
241 221 424
241 169 116
241 108 337
241 45 273
241 167 77
190 107 137
190 241 374
190 124 202
190 80 234
190 316 222
190 76 192
190 152 248
190 157 42
190 283 117
190 133 287
190 113 79
190 297 107
190 228 38
190 129 121
190 348 152
190 276 86
190 188 68
190 150 70
190 65 137
190 341 151
190 184 239
190 67 135
190 221 137
190 169 242
190 108 165
190 45 228
190 167 205
124 107 88
124 241 171
124 190 202
124 80 61
124 316 392
124 76 202
124 152 46
124 157 160
124 283 319
124 133 112
124 113 163
124 297 322
124 228 240
124 129 232
124 348 314
124 276 287
124 188 238
124 150 155
124 65 65
124 341 366
124 184 300
124 67 175
124 221 307
124 169 57
124 108 220
124 45 121
124 167 97
80 107 127
80 241 259
80 190 234
80 124 61
80 316 386
80 76 141
80 152 72
80 157 167
80 283 351
80 133 55
80 113 157
80 297 331
80 228 272
80 129 226
80 348 362
80 276 296
80 188 232
80 150 164
80 65 85
80 341 375
80 184 249
80 67 147
80 221 301
80 169 118
80 108 188
80 45 60
80 167 185
316 107 336
316 241 509
316 190 222
316 124 392
316 80 386
316 76 233
316 152 438
316 157 254
316 283 202
316 133 439
316 113 235
316 297 254
316 228 210
316 129 187
316 348 313
316 276 266
316 188 154
316 150 282
316 65 321
316 341 298
316 184 168
316 67 249
316 221 95
316 169 437
316 108 190
316 45 314
316 167 435
76 107 183
76 241 317
76 190 192
76 124 202
76 80 141
76 316 233
76 152 213
76 157 188
76 283 272
76 133 193
76 113 131
76 297 302
76 228 233
76 129 98
76 348 344
76 276 289
76 188 177
76 150 216
76 65 141
76 341 346
76 184 108
76 67 57
76 221 190
76 169 245
76 108 43
76 45 81
76 167 243
152 107 134
152 241 217
152 190 248
152 124 46
152 80 72
152 316 438
152 76 213
152 157 206
152 283 365
152 133 89
152 113 209
152 297 368
152 228 286
152 129 278
152 348 360
152 276 333
152 188 284
152 150 201
152 65 111
152 341 412
152 184 321
152 67 221
152 221 353
152 169 72
152 108 266
152 45 132
152 167 111
157 107 95
157 241 232
157 190 42
157 124 160
157 80 167
157 316 254
157 76 188
157 152 206
157 283 159
157 133 220
157 113 57
157 297 149
157 228 80
157 129 132
157 348 193
157 276 127
157 188 100
157 150 28
157 65 95
157 341 193
157 184 241
157 67 131
157 221 169
157 169 200
157 108 161
157 45 189
157 167 163
283 107 254
283 241 491
283 190 117
283 124 319
283 80 351
283 316 202
283 76 272
283 152 365
283 157 159
283 133 404
283 113 176
283 297 106
283 228 79
283 129 161
283 348 165
283 276 141
283 188 95
283 150 187
283 65 254
283 341 103
283 184 279
283 67 215
283 221 117
283 169 359
283 108 216
283 45 308
283 167 322
133 107 180
133 241 312
133 190 287
133 124 112
133 80 55
133 316 439
133 76 193
133 152 89
133 157 220
133 283 404
133 113 210
133 297 384
133 228 325
133 129 279
133 348 415
133 276 349
133 188 285
133 150 217
133 65 138
133 341 428
133 184 310
133 67 200
133 221 354
133 169 169
133 108 241
133 45 112
133 167 238
113 107 101
113 241 280
113 190 79
113 124 163
113 80 157
113 316 235
113 76 131
113 152 209
113 157 57
113 283 176
113 133 210
113 297 186
113 228 117
113 129 75
113 348 231
113 276 165
113 188 81
113 150 85
113 65 92
113 341 230
113 184 184
113 67 74
113 221 150
113 169 208
113 108 104
113 45 158
113 167 206
297 107 234
297 241 391
297 190 107
297 124 322
297 80 331
297 316 254
297 76 302
297 152 368
297 157 149
297 283 106
297 133 384
297 113 186
297 228 69
297 129 191
297 348 59
297 276 35
297 188 125
297 150 167
297 65 255
297 341 44
297 184 309
297 67 245
297 221 169
297 169 327
297 108 246
297 45 335
297 167 288
228 107 175
228 241 412
228 190 38
228 124 240
228 80 272
228 316 210
228 76 233
228 152 286
228 157 80
228 283 79
228 133 325
228 113 117
228 297 69
228 129 122
228 348 122
228 276 56
228 188 56
228 150 108
228 65 175
228 341 113
228 184 240
228 67 176
228 221 125
228 169 280
228 108 177
228 45 266
228 167 243
129 107 176
129 241 349
129 190 121
129 124 232
129 80 226
129 316 187
129 76 98
129 152 278
129 157 132
129 283 161
129 133 279
129 113 75
129 297 191
129 228 122
129 348 244
129 276 178
129 188 66
129 150 160
129 65 161
129 341 235
129 184 118
129 67 62
129 221 92
129 169 277
129 108 55
129 45 155
129 167 275
348 107 265
348 241 422
348 190 152
348 124 314
348 80 362
348 316 313
348 76 344
348 152 360
348 157 193
348 283 165
348 133 415
348 113 231
348 297 59
348 228 122
348 129 244
348 276 66
348 188 178
348 150 198
348 65 286
348 341 77
348 184 362
348 67 287
348 221 228
348 169 358
348 108 299
348 45 380
348 167 319
276 107 199
276 241 356
276 190 86
276 124 287
276 80 296
276 316 266
276 76 289
276 152 333
276 157 127
276 283 141
276 133 349
276 113 165
276 297 35
276 228 56
276 129 178
276 348 66
276 188 112
276 150 132
276 65 220
276 341 79
276 184 296
276 67 232
276 221 181
276 169 292
276 108 233
276 45 314
276 167 253
188 107 182
188 241 355
188 190 68
188 124 238
188 80 232
188 316 154
188 76 177
188 152 284
188 157 100
188 283 95
188 133 285
188 113 81
188 297 125
188 228 56
188 129 66
188 348 178
188 276 112
188 150 128
188 65 167
188 341 169
188 184 179
188 67 120
188 221 69
188 169 283
188 108 121
188 45 213
188 167 281
150 107 67
150 241 204
150 190 70
150 124 155
150 80 164
150 316 282
150 76 216
150 152 201
150 157 28
150 283 187
150 133 217
150 113 85
150 297 167
150 228 108
150 129 160
150 348 198
150 276 132
150 188 128
150 65 88
150 341 211
150 184 269
150 67 159
150 221 197
150 169 172
150 108 189
150 45 182
150 167 135
65 107 42
65 241 182
65 190 137
65 124 65
65 80 85
65 316 321
65 76 141
65 152 111
65 157 95
65 283 254
65 133 138
65 113 92
65 297 255
65 228 175
65 129 161
65 348 286
65 276 220
65 188 167
65 150 88
65 341 299
65 184 229
65 67 104
65 221 236
65 169 110
65 108 149
65 45 97
65 167 108
341 107 278
341 241 435
341 190 151
341 124 366
341 80 375
341 316 298
341 76 346
341 152 412
341 157 193
341 283 103
341 133 428
341 113 230
341 297 44
341 228 113
341 129 235
341 348 77
341 276 79
341 188 169
341 150 211
341 65 299
341 184 353
341 67 289
341 221 213
341 169 371
341 108 290
341 45 379
341 167 332
184 107 271
184 241 417
184 190 239
184 124 300
184 80 249
184 316 168
184 76 108
184 152 321
184 157 241
184 283 279
184 133 310
184 113 184
184 297 309
184 228 240
184 129 118
184 348 362
184 276 296
184 188 179
184 150 269
184 65 229
184 341 353
184 67 121
184 221 162
184 169 345
184 108 80
184 45 189
184 167 342
67 107 146
67 241 292
67 190 135
67 124 175
67 80 147
67 316 249
67 76 57
67 152 221
67 157 131
67 283 215
67 133 200
67 113 74
67 297 245
67 228 176
67 129 62
67 348 287
67 276 232
67 188 120
67 150 159
67 65 104
67 341 289
67 184 121
67 221 154
67 169 220
67 108 41
67 45 93
67 167 218
221 107 251
221 241 424
221 190 137
221 124 307
221 80 301
221 316 95
221 76 190
221 152 353
221 157 169
221 283 117
221 133 354
221 113 150
221 297 169
221 228 125
221 129 92
221 348 228
221 276 181
221 188 69
221 150 197
221 65 236
221 341 213
221 184 162
221 67 154
221 169 352
221 108 147
221 45 247
221 167 350
169 107 105
169 241 116
169 190 242
169 124 57
169 80 118
169 316 437
169 76 245
169 152 72
169 157 200
169 283 359
169 133 169
169 113 208
169 297 327
169 228 280
169 129 277
169 348 358
169 276 292
169 188 283
169 150 172
169 65 110
169 341 371
169 184 345
169 67 220
169 221 352
169 108 265
169 45 178
169 167 39
108 107 191
108 241 337
108 190 165
108 124 220
108 80 188
108 316 190
108 76 43
108 152 266
108 157 161
108 283 216
108 133 241
108 113 104
108 297 246
108 228 177
108 129 55
108 348 299
108 276 233
108 188 121
108 150 189
108 65 149
108 341 290
108 184 80
108 67 41
108 221 147
108 169 265
108 45 124
108 167 263
45 107 139
45 241 273
45 190 228
45 124 121
45 80 60
45 316 314
45 76 81
45 152 132
45 157 189
45 283 308
45 133 112
45 113 158
45 297 335
45 228 266
45 129 155
45 348 380
45 276 314
45 188 213
45 150 182
45 65 97
45 341 379
45 184 189
45 67 93
45 221 247
45 169 178
45 108 124
45 167 199
167 107 79
167 241 77
167 190 205
167 124 97
167 80 185
167 316 435
167 76 243
167 152 111
167 157 163
167 283 322
167 133 238
167 113 206
167 297 288
167 228 243
167 129 275
167 348 319
167 276 253
167 188 281
167 150 135
167 65 108
167 341 332
167 184 342
167 67 218
167 221 350
167 169 39
167 108 263
167 45 199
